    0.10000E-03    0.47870E+03
    0.10202E-03    0.48817E+03
    0.10408E-03    0.49783E+03
    0.10618E-03    0.50767E+03
    0.10833E-03    0.51772E+03
    0.11052E-03    0.52796E+03
    0.11275E-03    0.53840E+03
    0.11503E-03    0.54905E+03
    0.11735E-03    0.55991E+03
    0.11972E-03    0.57098E+03
    0.12214E-03    0.58227E+03
    0.12461E-03    0.59379E+03
    0.12712E-03    0.60553E+03
    0.12969E-03    0.61750E+03
    0.13231E-03    0.62971E+03
    0.13499E-03    0.64216E+03
    0.13771E-03    0.65486E+03
    0.14049E-03    0.66781E+03
    0.14333E-03    0.68101E+03
    0.14623E-03    0.69447E+03
    0.14918E-03    0.70820E+03
    0.15220E-03    0.72220E+03
    0.15527E-03    0.73647E+03
    0.15841E-03    0.75103E+03
    0.16161E-03    0.76587E+03
    0.16487E-03    0.78101E+03
    0.16820E-03    0.79644E+03
    0.17160E-03    0.81218E+03
    0.17507E-03    0.82823E+03
    0.17860E-03    0.84459E+03
    0.18221E-03    0.86128E+03
    0.18589E-03    0.87829E+03
    0.18965E-03    0.89564E+03
    0.19348E-03    0.91333E+03
    0.19739E-03    0.93137E+03
    0.20138E-03    0.94976E+03
    0.20544E-03    0.96851E+03
    0.20959E-03    0.98764E+03
    0.21383E-03    0.10071E+04
    0.21815E-03    0.10270E+04
    0.22255E-03    0.10473E+04
    0.22705E-03    0.10680E+04
    0.23164E-03    0.10890E+04
    0.23632E-03    0.11105E+04
    0.24109E-03    0.11324E+04
    0.24596E-03    0.11548E+04
    0.25093E-03    0.11775E+04
    0.25600E-03    0.12008E+04
    0.26117E-03    0.12244E+04
    0.26645E-03    0.12486E+04
    0.27183E-03    0.12732E+04
    0.27732E-03    0.12983E+04
    0.28292E-03    0.13239E+04
    0.28864E-03    0.13500E+04
    0.29447E-03    0.13765E+04
    0.30042E-03    0.14037E+04
    0.30649E-03    0.14313E+04
    0.31268E-03    0.14595E+04
    0.31899E-03    0.14882E+04
    0.32544E-03    0.15175E+04
    0.33201E-03    0.15473E+04
    0.33872E-03    0.15778E+04
    0.34556E-03    0.16088E+04
    0.35254E-03    0.16404E+04
    0.35966E-03    0.16727E+04
    0.36693E-03    0.17055E+04
    0.37434E-03    0.17391E+04
    0.38190E-03    0.17732E+04
    0.38962E-03    0.18080E+04
    0.39749E-03    0.18435E+04
    0.40552E-03    0.18797E+04
    0.41371E-03    0.19165E+04
    0.42207E-03    0.19541E+04
    0.43060E-03    0.19924E+04
    0.43929E-03    0.20315E+04
    0.44817E-03    0.20713E+04
    0.45722E-03    0.21118E+04
    0.46646E-03    0.21531E+04
    0.47588E-03    0.21953E+04
    0.48550E-03    0.22382E+04
    0.49530E-03    0.22819E+04
    0.50531E-03    0.23265E+04
    0.51552E-03    0.23720E+04
    0.52593E-03    0.24183E+04
    0.53656E-03    0.24654E+04
    0.54739E-03    0.25135E+04
    0.55845E-03    0.25625E+04
    0.56973E-03    0.26124E+04
    0.58124E-03    0.26633E+04
    0.59299E-03    0.27151E+04
    0.60496E-03    0.27679E+04
    0.61719E-03    0.28217E+04
    0.62965E-03    0.28765E+04
    0.64237E-03    0.29323E+04
    0.65535E-03    0.29892E+04
    0.66859E-03    0.30472E+04
    0.68210E-03    0.31062E+04
    0.69588E-03    0.31663E+04
    0.70993E-03    0.32275E+04
    0.72427E-03    0.32899E+04
    0.73891E-03    0.33535E+04
    0.75383E-03    0.34182E+04
    0.76906E-03    0.34841E+04
    0.78460E-03    0.35512E+04
    0.80045E-03    0.36195E+04
    0.81662E-03    0.36891E+04
    0.83311E-03    0.37600E+04
    0.84994E-03    0.38322E+04
    0.86711E-03    0.39057E+04
    0.88463E-03    0.39805E+04
    0.90250E-03    0.40567E+04
    0.92073E-03    0.41342E+04
    0.93933E-03    0.42132E+04
    0.95831E-03    0.42936E+04
    0.97767E-03    0.43754E+04
    0.99742E-03    0.44587E+04
    0.10176E-02    0.45434E+04
    0.10381E-02    0.46297E+04
    0.10591E-02    0.47175E+04
    0.10805E-02    0.48068E+04
    0.11023E-02    0.48977E+04
    0.11246E-02    0.49902E+04
    0.11473E-02    0.50843E+04
    0.11705E-02    0.51801E+04
    0.11941E-02    0.52775E+04
    0.12182E-02    0.53765E+04
    0.12429E-02    0.54773E+04
    0.12680E-02    0.55798E+04
    0.12936E-02    0.56841E+04
    0.13197E-02    0.57901E+04
    0.13464E-02    0.58979E+04
    0.13736E-02    0.60076E+04
    0.14013E-02    0.61190E+04
    0.14296E-02    0.62323E+04
    0.14585E-02    0.63475E+04
    0.14880E-02    0.64646E+04
    0.15180E-02    0.65836E+04
    0.15487E-02    0.67046E+04
    0.15800E-02    0.68275E+04
    0.16119E-02    0.69523E+04
    0.16445E-02    0.70792E+04
    0.16777E-02    0.72081E+04
    0.17116E-02    0.73390E+04
    0.17462E-02    0.74720E+04
    0.17814E-02    0.76071E+04
    0.18174E-02    0.77442E+04
    0.18541E-02    0.78835E+04
    0.18916E-02    0.80248E+04
    0.19298E-02    0.81683E+04
    0.19688E-02    0.83140E+04
    0.20086E-02    0.84619E+04
    0.20491E-02    0.86119E+04
    0.20905E-02    0.87641E+04
    0.21328E-02    0.89185E+04
    0.21758E-02    0.90751E+04
    0.22198E-02    0.92340E+04
    0.22646E-02    0.93951E+04
    0.23104E-02    0.95584E+04
    0.23571E-02    0.97240E+04
    0.24047E-02    0.98919E+04
    0.24533E-02    0.10062E+05
    0.25028E-02    0.10234E+05
    0.25534E-02    0.10409E+05
    0.26050E-02    0.10586E+05
    0.26576E-02    0.10765E+05
    0.27113E-02    0.10947E+05
    0.27660E-02    0.11130E+05
    0.28219E-02    0.11316E+05
    0.28789E-02    0.11505E+05
    0.29371E-02    0.11695E+05
    0.29964E-02    0.11888E+05
    0.30569E-02    0.12083E+05
    0.31187E-02    0.12280E+05
    0.31817E-02    0.12479E+05
    0.32460E-02    0.12680E+05
    0.33115E-02    0.12884E+05
    0.33784E-02    0.13090E+05
    0.34467E-02    0.13298E+05
    0.35163E-02    0.13508E+05
    0.35874E-02    0.13720E+05
    0.36598E-02    0.13934E+05
    0.37338E-02    0.14149E+05
    0.38092E-02    0.14367E+05
    0.38861E-02    0.14587E+05
    0.39646E-02    0.14809E+05
    0.40447E-02    0.15032E+05
    0.41264E-02    0.15257E+05
    0.42098E-02    0.15484E+05
    0.42948E-02    0.15713E+05
    0.43816E-02    0.15943E+05
    0.44701E-02    0.16175E+05
    0.45604E-02    0.16408E+05
    0.46525E-02    0.16642E+05
    0.47465E-02    0.16878E+05
    0.48424E-02    0.17115E+05
    0.49402E-02    0.17353E+05
    0.50400E-02    0.17592E+05
    0.51419E-02    0.17832E+05
    0.52457E-02    0.18074E+05
    0.53517E-02    0.18315E+05
    0.54598E-02    0.18558E+05
    0.55701E-02    0.18801E+05
    0.56826E-02    0.19045E+05
    0.57974E-02    0.19289E+05
    0.59145E-02    0.19533E+05
    0.60340E-02    0.19777E+05
    0.61559E-02    0.20021E+05
    0.62803E-02    0.20265E+05
    0.64072E-02    0.20509E+05
    0.65366E-02    0.20752E+05
    0.66686E-02    0.20995E+05
    0.68033E-02    0.21237E+05
    0.69408E-02    0.21478E+05
    0.70810E-02    0.21718E+05
    0.72240E-02    0.21957E+05
    0.73700E-02    0.22194E+05
    0.75189E-02    0.22430E+05
    0.76708E-02    0.22663E+05
    0.78257E-02    0.22895E+05
    0.79838E-02    0.23125E+05
    0.81451E-02    0.23352E+05
    0.83096E-02    0.23577E+05
    0.84775E-02    0.23798E+05
    0.86488E-02    0.24017E+05
    0.88235E-02    0.24233E+05
    0.90017E-02    0.24445E+05
    0.91836E-02    0.24653E+05
    0.93691E-02    0.24857E+05
    0.95583E-02    0.25057E+05
    0.97514E-02    0.25252E+05
    0.99484E-02    0.25443E+05
    0.10149E-01    0.25628E+05
    0.10354E-01    0.25808E+05
    0.10564E-01    0.25983E+05
    0.10777E-01    0.26152E+05
    0.10995E-01    0.26314E+05
    0.11217E-01    0.26470E+05
    0.11443E-01    0.26620E+05
    0.11675E-01    0.26762E+05
    0.11910E-01    0.26897E+05
    0.12151E-01    0.27025E+05
    0.12397E-01    0.27144E+05
    0.12647E-01    0.27256E+05
    0.12902E-01    0.27358E+05
    0.13163E-01    0.27452E+05
    0.13429E-01    0.27537E+05
    0.13700E-01    0.27613E+05
    0.13977E-01    0.27678E+05
    0.14259E-01    0.27734E+05
    0.14547E-01    0.27779E+05
    0.14841E-01    0.27814E+05
    0.15141E-01    0.27838E+05
    0.15447E-01    0.27851E+05
    0.15759E-01    0.27853E+05
    0.16077E-01    0.27843E+05
    0.16402E-01    0.27821E+05
    0.16734E-01    0.27787E+05
    0.17072E-01    0.27741E+05
    0.17416E-01    0.27683E+05
    0.17768E-01    0.27612E+05
    0.18127E-01    0.27529E+05
    0.18493E-01    0.27432E+05
    0.18867E-01    0.27323E+05
    0.19248E-01    0.27201E+05
    0.19637E-01    0.27066E+05
    0.20034E-01    0.26918E+05
    0.20438E-01    0.26757E+05
    0.20851E-01    0.26584E+05
    0.21272E-01    0.26397E+05
    0.21702E-01    0.26198E+05
    0.22141E-01    0.25986E+05
    0.22588E-01    0.25762E+05
    0.23044E-01    0.25526E+05
    0.23510E-01    0.25278E+05
    0.23985E-01    0.25019E+05
    0.24469E-01    0.24748E+05
    0.24964E-01    0.24466E+05
    0.25468E-01    0.24174E+05
    0.25982E-01    0.23872E+05
    0.26507E-01    0.23561E+05
    0.27043E-01    0.23241E+05
    0.27589E-01    0.22912E+05
    0.28146E-01    0.22575E+05
    0.28715E-01    0.22232E+05
    0.29295E-01    0.21881E+05
    0.29887E-01    0.21524E+05
    0.30490E-01    0.21167E+05
    0.31106E-01    0.20804E+05
    0.31735E-01    0.20415E+05
    0.32376E-01    0.20062E+05
    0.33030E-01    0.19803E+05
    0.33697E-01    0.19514E+05
    0.34378E-01    0.19136E+05
    0.35072E-01    0.18754E+05
    0.35781E-01    0.18377E+05
    0.36504E-01    0.17977E+05
    0.37241E-01    0.17577E+05
    0.37993E-01    0.17193E+05
    0.38761E-01    0.16819E+05
    0.39544E-01    0.16458E+05
    0.40343E-01    0.16113E+05
    0.41158E-01    0.15766E+05
    0.41989E-01    0.15418E+05
    0.42838E-01    0.15101E+05
    0.43703E-01    0.14814E+05
    0.44586E-01    0.14539E+05
    0.45486E-01    0.14278E+05
    0.46405E-01    0.14036E+05
    0.47343E-01    0.13809E+05
    0.48299E-01    0.13595E+05
    0.49275E-01    0.13395E+05
    0.50270E-01    0.13205E+05
    0.51286E-01    0.13026E+05
    0.52322E-01    0.12865E+05
    0.53379E-01    0.12715E+05
    0.54457E-01    0.12563E+05
    0.55557E-01    0.12412E+05
    0.56680E-01    0.12266E+05
    0.57825E-01    0.12119E+05
    0.58993E-01    0.11972E+05
    0.60184E-01    0.11822E+05
    0.61400E-01    0.11662E+05
    0.62641E-01    0.11491E+05
    0.63906E-01    0.11315E+05
    0.65197E-01    0.11132E+05
    0.66514E-01    0.10938E+05
    0.67858E-01    0.10730E+05
    0.69229E-01    0.10510E+05
    0.70627E-01    0.10280E+05
    0.72054E-01    0.10038E+05
    0.73510E-01    0.97821E+04
    0.74994E-01    0.95137E+04
    0.76509E-01    0.92361E+04
    0.78055E-01    0.89505E+04
    0.79632E-01    0.86588E+04
    0.81241E-01    0.83636E+04
    0.82882E-01    0.80675E+04
    0.84556E-01    0.77733E+04
    0.86264E-01    0.74838E+04
    0.88007E-01    0.72020E+04
    0.89785E-01    0.69307E+04
    0.91598E-01    0.66723E+04
    0.93449E-01    0.64290E+04
    0.95337E-01    0.62027E+04
    0.97263E-01    0.59947E+04
    0.99227E-01    0.58055E+04
    0.10123E+00    0.56354E+04
    0.10328E+00    0.54837E+04
    0.10536E+00    0.53491E+04
    0.10749E+00    0.52299E+04
    0.10966E+00    0.51237E+04
    0.11188E+00    0.50274E+04
    0.11414E+00    0.49378E+04
    0.11644E+00    0.48514E+04
    0.11880E+00    0.47646E+04
    0.12120E+00    0.46742E+04
    0.12365E+00    0.45771E+04
    0.12614E+00    0.44710E+04
    0.12869E+00    0.43542E+04
    0.13129E+00    0.42261E+04
    0.13394E+00    0.40870E+04
    0.13665E+00    0.39384E+04
    0.13941E+00    0.37826E+04
    0.14223E+00    0.36227E+04
    0.14510E+00    0.34625E+04
    0.14803E+00    0.33061E+04
    0.15102E+00    0.31574E+04
    0.15407E+00    0.30200E+04
    0.15718E+00    0.28965E+04
    0.16036E+00    0.27885E+04
    0.16360E+00    0.26963E+04
    0.16690E+00    0.26186E+04
    0.17028E+00    0.25529E+04
    0.17371E+00    0.24953E+04
    0.17722E+00    0.24417E+04
    0.18080E+00    0.23876E+04
    0.18446E+00    0.23291E+04
    0.18818E+00    0.22638E+04
    0.19198E+00    0.21904E+04
    0.19586E+00    0.21098E+04
    0.19982E+00    0.20238E+04
    0.20386E+00    0.19355E+04
    0.20797E+00    0.18480E+04
    0.21218E+00    0.17645E+04
    0.21646E+00    0.16875E+04
    0.22083E+00    0.16186E+04
    0.22530E+00    0.15585E+04
    0.22985E+00    0.15065E+04
    0.23449E+00    0.14611E+04
    0.23923E+00    0.14195E+04
    0.24406E+00    0.13791E+04
    0.24899E+00    0.13373E+04
    0.25402E+00    0.12923E+04
    0.25915E+00    0.12436E+04
    0.26439E+00    0.11922E+04
    0.26973E+00    0.11398E+04
    0.27518E+00    0.10888E+04
    0.28074E+00    0.10414E+04
    0.28641E+00    0.99920E+03
    0.29219E+00    0.96230E+03
    0.29810E+00    0.92981E+03
    0.30412E+00    0.89952E+03
    0.31026E+00    0.86929E+03
    0.31653E+00    0.83760E+03
    0.32292E+00    0.80437E+03
    0.32945E+00    0.77047E+03
    0.33610E+00    0.73731E+03
    0.34289E+00    0.70606E+03
    0.34982E+00    0.67742E+03
    0.35689E+00    0.65134E+03
    0.36409E+00    0.62718E+03
    0.37145E+00    0.60389E+03
    0.37895E+00    0.58066E+03
    0.38661E+00    0.55729E+03
    0.39442E+00    0.53409E+03
    0.40239E+00    0.51161E+03
    0.41052E+00    0.49032E+03
    0.41881E+00    0.47042E+03
    0.42727E+00    0.45177E+03
    0.43590E+00    0.43392E+03
    0.44471E+00    0.41641E+03
    0.45369E+00    0.39924E+03
    0.46286E+00    0.38255E+03
    0.47221E+00    0.36649E+03
    0.48174E+00    0.35122E+03
    0.49148E+00    0.33683E+03
    0.50141E+00    0.32302E+03
    0.51153E+00    0.30961E+03
    0.52187E+00    0.29660E+03
    0.53241E+00    0.28407E+03
    0.54317E+00    0.27208E+03
    0.55414E+00    0.26064E+03
    0.56533E+00    0.24969E+03
    0.57675E+00    0.23913E+03
    0.58840E+00    0.22895E+03
    0.60029E+00    0.21917E+03
    0.61242E+00    0.20981E+03
    0.62479E+00    0.20086E+03
    0.63741E+00    0.19226E+03
    0.65029E+00    0.18399E+03
    0.66342E+00    0.17606E+03
    0.67683E+00    0.16845E+03
    0.69050E+00    0.16118E+03
    0.70445E+00    0.15420E+03
    0.71868E+00    0.14750E+03
    0.73320E+00    0.14107E+03
    0.74801E+00    0.13491E+03
    0.76312E+00    0.12901E+03
    0.77854E+00    0.12336E+03
    0.79426E+00    0.11794E+03
    0.81031E+00    0.11275E+03
    0.82668E+00    0.10778E+03
    0.84338E+00    0.10302E+03
    0.86041E+00    0.98460E+02
    0.87780E+00    0.94093E+02
    0.89553E+00    0.89913E+02
    0.91362E+00    0.85911E+02
    0.93208E+00    0.82079E+02
    0.95091E+00    0.78412E+02
    0.97011E+00    0.74901E+02
    0.98971E+00    0.71541E+02
