  0.173126E-04  0.193638E+08  0.193638E+08  0.257772E+08  0.257771E+08  0.000000E+00  0.193638E+08
  0.178994E-04  0.193638E+08  0.193638E+08  0.257744E+08  0.257743E+08  0.000000E+00  0.193638E+08
  0.185061E-04  0.193638E+08  0.193638E+08  0.257713E+08  0.257713E+08  0.000000E+00  0.193638E+08
  0.191334E-04  0.193638E+08  0.193638E+08  0.257681E+08  0.257680E+08  0.000000E+00  0.193638E+08
  0.197819E-04  0.193637E+08  0.193637E+08  0.257646E+08  0.257645E+08  0.000000E+00  0.193637E+08
  0.204524E-04  0.193637E+08  0.193637E+08  0.257609E+08  0.257608E+08  0.000000E+00  0.193637E+08
  0.211456E-04  0.193637E+08  0.193637E+08  0.257569E+08  0.257568E+08  0.000000E+00  0.193637E+08
  0.218624E-04  0.193637E+08  0.193637E+08  0.257527E+08  0.257526E+08  0.000000E+00  0.193637E+08
  0.226034E-04  0.193637E+08  0.193637E+08  0.257482E+08  0.257481E+08  0.000000E+00  0.193637E+08
  0.233695E-04  0.193637E+08  0.193637E+08  0.257433E+08  0.257432E+08  0.000000E+00  0.193637E+08
  0.241616E-04  0.193637E+08  0.193637E+08  0.257382E+08  0.257380E+08  0.000000E+00  0.193637E+08
  0.249806E-04  0.193637E+08  0.193637E+08  0.257326E+08  0.257325E+08  0.000000E+00  0.193637E+08
  0.258273E-04  0.193637E+08  0.193637E+08  0.257267E+08  0.257266E+08  0.000000E+00  0.193637E+08
  0.267027E-04  0.193637E+08  0.193637E+08  0.257204E+08  0.257203E+08  0.000000E+00  0.193637E+08
  0.276078E-04  0.193636E+08  0.193636E+08  0.257137E+08  0.257135E+08  0.000000E+00  0.193636E+08
  0.285436E-04  0.193636E+08  0.193636E+08  0.257064E+08  0.257063E+08  0.000000E+00  0.193636E+08
  0.295111E-04  0.193636E+08  0.193636E+08  0.256987E+08  0.256986E+08  0.000000E+00  0.193636E+08
  0.305114E-04  0.193636E+08  0.193636E+08  0.256905E+08  0.256903E+08  0.000000E+00  0.193636E+08
  0.315456E-04  0.193636E+08  0.193636E+08  0.256817E+08  0.256815E+08  0.000000E+00  0.193636E+08
  0.326148E-04  0.193636E+08  0.193636E+08  0.256723E+08  0.256721E+08  0.000000E+00  0.193636E+08
  0.337203E-04  0.193635E+08  0.193635E+08  0.256622E+08  0.256620E+08  0.000000E+00  0.193635E+08
  0.348632E-04  0.193635E+08  0.193635E+08  0.256515E+08  0.256513E+08  0.000000E+00  0.193635E+08
  0.360449E-04  0.193635E+08  0.193635E+08  0.256400E+08  0.256398E+08  0.000000E+00  0.193635E+08
  0.372667E-04  0.193635E+08  0.193635E+08  0.256278E+08  0.256275E+08  0.000000E+00  0.193635E+08
  0.385298E-04  0.193634E+08  0.193634E+08  0.256147E+08  0.256144E+08  0.000000E+00  0.193634E+08
  0.398358E-04  0.193634E+08  0.193634E+08  0.256007E+08  0.256004E+08  0.000000E+00  0.193634E+08
  0.411861E-04  0.193634E+08  0.193634E+08  0.255857E+08  0.255854E+08  0.000000E+00  0.193634E+08
  0.425821E-04  0.193634E+08  0.193634E+08  0.255697E+08  0.255694E+08  0.000000E+00  0.193634E+08
  0.440254E-04  0.193633E+08  0.193633E+08  0.255527E+08  0.255523E+08  0.000000E+00  0.193633E+08
  0.455176E-04  0.193633E+08  0.193633E+08  0.255344E+08  0.255340E+08  0.000000E+00  0.193633E+08
  0.470605E-04  0.193632E+08  0.193632E+08  0.255150E+08  0.255145E+08  0.000000E+00  0.193632E+08
  0.486556E-04  0.193632E+08  0.193632E+08  0.254942E+08  0.254937E+08  0.000000E+00  0.193632E+08
  0.503048E-04  0.193632E+08  0.193632E+08  0.254719E+08  0.254714E+08  0.000000E+00  0.193632E+08
  0.520098E-04  0.193631E+08  0.193631E+08  0.254482E+08  0.254477E+08  0.000000E+00  0.193631E+08
  0.537727E-04  0.193630E+08  0.193630E+08  0.254229E+08  0.254223E+08  0.000000E+00  0.193630E+08
  0.555954E-04  0.193630E+08  0.193630E+08  0.253958E+08  0.253952E+08  0.000000E+00  0.193630E+08
  0.574798E-04  0.193629E+08  0.193629E+08  0.253669E+08  0.253662E+08  0.000000E+00  0.193629E+08
  0.594281E-04  0.193629E+08  0.193629E+08  0.253360E+08  0.253353E+08  0.000000E+00  0.193629E+08
  0.614424E-04  0.193628E+08  0.193628E+08  0.253031E+08  0.253023E+08  0.000000E+00  0.193628E+08
  0.635250E-04  0.193627E+08  0.193627E+08  0.252679E+08  0.252671E+08  0.000000E+00  0.193627E+08
  0.656782E-04  0.193627E+08  0.193627E+08  0.252303E+08  0.252295E+08  0.000000E+00  0.193627E+08
  0.679043E-04  0.193626E+08  0.193626E+08  0.251902E+08  0.251893E+08  0.000000E+00  0.193626E+08
  0.702059E-04  0.193625E+08  0.193625E+08  0.251474E+08  0.251464E+08  0.000000E+00  0.193625E+08
  0.725856E-04  0.193624E+08  0.193624E+08  0.251018E+08  0.251007E+08  0.000000E+00  0.193624E+08
  0.750459E-04  0.193623E+08  0.193623E+08  0.250530E+08  0.250519E+08  0.000000E+00  0.193623E+08
  0.775896E-04  0.193622E+08  0.193622E+08  0.250010E+08  0.249998E+08  0.000000E+00  0.193622E+08
  0.802195E-04  0.193621E+08  0.193621E+08  0.249456E+08  0.249443E+08  0.000000E+00  0.193621E+08
  0.829385E-04  0.193619E+08  0.193619E+08  0.248864E+08  0.248850E+08  0.000000E+00  0.193619E+08
  0.857497E-04  0.193618E+08  0.193618E+08  0.248233E+08  0.248218E+08  0.000000E+00  0.193618E+08
  0.886562E-04  0.193617E+08  0.193617E+08  0.247560E+08  0.247544E+08  0.000000E+00  0.193617E+08
  0.916613E-04  0.193615E+08  0.193615E+08  0.246842E+08  0.246825E+08  0.000000E+00  0.193615E+08
  0.947681E-04  0.193614E+08  0.193614E+08  0.246077E+08  0.246059E+08  0.000000E+00  0.193614E+08
  0.979803E-04  0.193612E+08  0.193612E+08  0.245262E+08  0.245243E+08  0.000000E+00  0.193612E+08
  0.101301E-03  0.193610E+08  0.193610E+08  0.244393E+08  0.244373E+08  0.000000E+00  0.193610E+08
  0.104735E-03  0.193608E+08  0.193608E+08  0.243467E+08  0.243446E+08  0.000000E+00  0.193608E+08
  0.108285E-03  0.193606E+08  0.193606E+08  0.242481E+08  0.242458E+08  0.000000E+00  0.193606E+08
  0.111955E-03  0.193604E+08  0.193604E+08  0.241431E+08  0.241407E+08  0.000000E+00  0.193604E+08
  0.115750E-03  0.193601E+08  0.193601E+08  0.240314E+08  0.240288E+08  0.000000E+00  0.193601E+08
  0.119673E-03  0.193599E+08  0.193599E+08  0.239124E+08  0.239096E+08  0.000000E+00  0.193599E+08
  0.123730E-03  0.193596E+08  0.193596E+08  0.237859E+08  0.237829E+08  0.000000E+00  0.193596E+08
  0.127924E-03  0.193593E+08  0.193593E+08  0.236512E+08  0.236481E+08  0.000000E+00  0.193593E+08
  0.132260E-03  0.193590E+08  0.193590E+08  0.235081E+08  0.235048E+08  0.000000E+00  0.193590E+08
  0.136742E-03  0.193587E+08  0.193587E+08  0.233560E+08  0.233524E+08  0.000000E+00  0.193587E+08
  0.141377E-03  0.193583E+08  0.193583E+08  0.231944E+08  0.231906E+08  0.000000E+00  0.193583E+08
  0.146169E-03  0.193579E+08  0.193579E+08  0.230228E+08  0.230187E+08  0.000000E+00  0.193579E+08
  0.151124E-03  0.193575E+08  0.193575E+08  0.228406E+08  0.228363E+08  0.000000E+00  0.193575E+08
  0.156246E-03  0.193571E+08  0.193571E+08  0.226473E+08  0.226428E+08  0.000000E+00  0.193571E+08
  0.161542E-03  0.193566E+08  0.193566E+08  0.224424E+08  0.224375E+08  0.000000E+00  0.193566E+08
  0.167018E-03  0.193561E+08  0.193561E+08  0.222252E+08  0.222200E+08  0.000000E+00  0.193561E+08
  0.172679E-03  0.193556E+08  0.193556E+08  0.219951E+08  0.219897E+08  0.000000E+00  0.193556E+08
  0.178532E-03  0.193551E+08  0.193550E+08  0.217516E+08  0.217458E+08  0.000000E+00  0.193551E+08
  0.184583E-03  0.193545E+08  0.193544E+08  0.214941E+08  0.214879E+08  0.000000E+00  0.193545E+08
  0.190840E-03  0.193538E+08  0.193538E+08  0.212218E+08  0.212153E+08  0.000000E+00  0.193538E+08
  0.197308E-03  0.193531E+08  0.193531E+08  0.209343E+08  0.209274E+08  0.000000E+00  0.193531E+08
  0.203996E-03  0.193524E+08  0.193524E+08  0.206309E+08  0.206236E+08  0.000000E+00  0.193524E+08
  0.210910E-03  0.193516E+08  0.193516E+08  0.203111E+08  0.203033E+08  0.000000E+00  0.193516E+08
  0.218059E-03  0.193508E+08  0.193508E+08  0.199742E+08  0.199660E+08  0.000000E+00  0.193508E+08
  0.225450E-03  0.193499E+08  0.193499E+08  0.196198E+08  0.196112E+08  0.000000E+00  0.193499E+08
  0.233092E-03  0.193490E+08  0.193490E+08  0.192474E+08  0.192382E+08  0.000000E+00  0.193490E+08
  0.240993E-03  0.193480E+08  0.193479E+08  0.188564E+08  0.188467E+08  0.000000E+00  0.193480E+08
  0.249161E-03  0.193469E+08  0.193469E+08  0.184466E+08  0.184364E+08  0.000000E+00  0.193469E+08
  0.257606E-03  0.193457E+08  0.193457E+08  0.180176E+08  0.180068E+08  0.000000E+00  0.193457E+08
  0.266338E-03  0.193445E+08  0.193445E+08  0.175692E+08  0.175579E+08  0.000000E+00  0.193445E+08
  0.275366E-03  0.193432E+08  0.193432E+08  0.171013E+08  0.170894E+08  0.000000E+00  0.193432E+08
  0.284699E-03  0.193418E+08  0.193418E+08  0.166139E+08  0.166014E+08  0.000000E+00  0.193418E+08
  0.294349E-03  0.193403E+08  0.193403E+08  0.161071E+08  0.160939E+08  0.000000E+00  0.193403E+08
  0.304326E-03  0.193388E+08  0.193388E+08  0.155813E+08  0.155674E+08  0.000000E+00  0.193388E+08
  0.314641E-03  0.193371E+08  0.193371E+08  0.150368E+08  0.150223E+08  0.000000E+00  0.193371E+08
  0.325306E-03  0.193353E+08  0.193353E+08  0.144745E+08  0.144592E+08  0.000000E+00  0.193353E+08
  0.336332E-03  0.193334E+08  0.193334E+08  0.138950E+08  0.138791E+08  0.000000E+00  0.193334E+08
  0.347732E-03  0.193314E+08  0.193314E+08  0.132997E+08  0.132830E+08  0.000000E+00  0.193314E+08
  0.359519E-03  0.193292E+08  0.193292E+08  0.126899E+08  0.126724E+08  0.000000E+00  0.193292E+08
  0.371705E-03  0.193269E+08  0.193269E+08  0.120671E+08  0.120489E+08  0.000000E+00  0.193269E+08
  0.384304E-03  0.193245E+08  0.193245E+08  0.114334E+08  0.114144E+08  0.000000E+00  0.193245E+08
  0.397330E-03  0.193219E+08  0.193219E+08  0.107911E+08  0.107712E+08  0.000000E+00  0.193219E+08
  0.410797E-03  0.193192E+08  0.193191E+08  0.101426E+08  0.101218E+08  0.000000E+00  0.193192E+08
  0.424721E-03  0.193162E+08  0.193162E+08  0.949078E+07  0.946918E+07  0.000000E+00  0.193162E+08
  0.439117E-03  0.193131E+08  0.193131E+08  0.883887E+07  0.881637E+07  0.000000E+00  0.193131E+08
  0.454001E-03  0.193098E+08  0.193098E+08  0.819031E+07  0.816687E+07  0.000000E+00  0.193098E+08
  0.469390E-03  0.193064E+08  0.193063E+08  0.754882E+07  0.752440E+07  0.000000E+00  0.193063E+08
  0.485300E-03  0.193026E+08  0.193026E+08  0.691834E+07  0.689290E+07  0.000000E+00  0.193026E+08
  0.501749E-03  0.192987E+08  0.192987E+08  0.630299E+07  0.627649E+07  0.000000E+00  0.192987E+08
  0.518756E-03  0.192946E+08  0.192945E+08  0.570703E+07  0.567941E+07  0.000000E+00  0.192945E+08
  0.536339E-03  0.192901E+08  0.192901E+08  0.513472E+07  0.510591E+07  0.000000E+00  0.192901E+08
  0.554518E-03  0.192855E+08  0.192854E+08  0.459027E+07  0.456020E+07  0.000000E+00  0.192855E+08
  0.573314E-03  0.192805E+08  0.192805E+08  0.407769E+07  0.404628E+07  0.000000E+00  0.192805E+08
  0.592746E-03  0.192753E+08  0.192753E+08  0.360072E+07  0.356789E+07  0.000000E+00  0.192753E+08
  0.612837E-03  0.192698E+08  0.192697E+08  0.316263E+07  0.312829E+07  0.000000E+00  0.192698E+08
  0.633610E-03  0.192639E+08  0.192639E+08  0.276611E+07  0.273017E+07  0.000000E+00  0.192639E+08
  0.655086E-03  0.192578E+08  0.192577E+08  0.241313E+07  0.237548E+07  0.000000E+00  0.192578E+08
  0.677290E-03  0.192512E+08  0.192512E+08  0.210475E+07  0.206532E+07  0.000000E+00  0.192512E+08
  0.700247E-03  0.192444E+08  0.192443E+08  0.184105E+07  0.179976E+07  0.000000E+00  0.192444E+08
  0.723982E-03  0.192371E+08  0.192371E+08  0.162099E+07  0.157779E+07  0.000000E+00  0.192371E+08
  0.748521E-03  0.192295E+08  0.192294E+08  0.144239E+07  0.139724E+07  0.000000E+00  0.192295E+08
  0.773892E-03  0.192214E+08  0.192214E+08  0.130185E+07  0.125478E+07  0.000000E+00  0.192214E+08
  0.800124E-03  0.192129E+08  0.192129E+08  0.119489E+07  0.114596E+07  0.000000E+00  0.192129E+08
  0.827244E-03  0.192040E+08  0.192039E+08  0.111602E+07  0.106536E+07  0.000000E+00  0.192040E+08
  0.855284E-03  0.191946E+08  0.191945E+08  0.105897E+07  0.100679E+07  0.000000E+00  0.191946E+08
  0.884273E-03  0.191847E+08  0.191846E+08  0.101699E+07  0.963567E+06  0.000000E+00  0.191847E+08
  0.914246E-03  0.191744E+08  0.191743E+08  0.000000E+00  0.000000E+00  0.000000E+00  0.191744E+08
  0.945234E-03  0.191635E+08  0.191634E+08  0.000000E+00  0.000000E+00  0.000000E+00  0.191635E+08
  0.977273E-03  0.191520E+08  0.191519E+08  0.000000E+00  0.000000E+00  0.000000E+00  0.191520E+08
  0.101040E-02  0.191400E+08  0.191399E+08  0.000000E+00  0.000000E+00  0.000000E+00  0.191400E+08
  0.104465E-02  0.191274E+08  0.191273E+08  0.000000E+00  0.000000E+00  0.000000E+00  0.191274E+08
  0.108005E-02  0.191142E+08  0.191140E+08  0.000000E+00  0.000000E+00  0.000000E+00  0.191141E+08
  0.111666E-02  0.191003E+08  0.191001E+08  0.000000E+00  0.000000E+00  0.000000E+00  0.191002E+08
  0.115451E-02  0.190857E+08  0.190855E+08  0.000000E+00  0.000000E+00  0.000000E+00  0.190857E+08
  0.119364E-02  0.190704E+08  0.190702E+08  0.000000E+00  0.000000E+00  0.000000E+00  0.190704E+08
  0.123410E-02  0.190544E+08  0.190542E+08  0.000000E+00  0.000000E+00  0.000000E+00  0.190544E+08
  0.127593E-02  0.190376E+08  0.190374E+08  0.000000E+00  0.000000E+00  0.000000E+00  0.190376E+08
  0.131918E-02  0.190201E+08  0.190198E+08  0.000000E+00  0.000000E+00  0.000000E+00  0.190200E+08
  0.136389E-02  0.190017E+08  0.190014E+08  0.000000E+00  0.000000E+00  0.000000E+00  0.190016E+08
  0.141012E-02  0.189824E+08  0.189822E+08  0.000000E+00  0.000000E+00  0.000000E+00  0.189824E+08
  0.145792E-02  0.189623E+08  0.189620E+08  0.000000E+00  0.000000E+00  0.000000E+00  0.189622E+08
  0.150734E-02  0.189412E+08  0.189409E+08  0.000000E+00  0.000000E+00  0.000000E+00  0.189412E+08
  0.155843E-02  0.189192E+08  0.189189E+08  0.000000E+00  0.000000E+00  0.000000E+00  0.189192E+08
  0.161125E-02  0.188962E+08  0.188959E+08  0.000000E+00  0.000000E+00  0.000000E+00  0.188961E+08
  0.166586E-02  0.188721E+08  0.188718E+08  0.000000E+00  0.000000E+00  0.000000E+00  0.188721E+08
  0.172233E-02  0.188470E+08  0.188467E+08  0.000000E+00  0.000000E+00  0.000000E+00  0.188470E+08
  0.178071E-02  0.188208E+08  0.188204E+08  0.000000E+00  0.000000E+00  0.000000E+00  0.188208E+08
  0.184107E-02  0.187934E+08  0.187930E+08  0.000000E+00  0.000000E+00  0.000000E+00  0.187934E+08
  0.190347E-02  0.187649E+08  0.187645E+08  0.000000E+00  0.000000E+00  0.000000E+00  0.187648E+08
  0.196799E-02  0.187351E+08  0.187346E+08  0.000000E+00  0.000000E+00  0.000000E+00  0.187350E+08
  0.203469E-02  0.187041E+08  0.187036E+08  0.000000E+00  0.000000E+00  0.000000E+00  0.187040E+08
  0.210366E-02  0.186717E+08  0.186712E+08  0.000000E+00  0.000000E+00  0.000000E+00  0.186716E+08
  0.217496E-02  0.186380E+08  0.186374E+08  0.000000E+00  0.000000E+00  0.000000E+00  0.186379E+08
  0.224868E-02  0.186028E+08  0.186022E+08  0.000000E+00  0.000000E+00  0.000000E+00  0.186027E+08
  0.232490E-02  0.185663E+08  0.185656E+08  0.000000E+00  0.000000E+00  0.000000E+00  0.185662E+08
  0.240370E-02  0.185282E+08  0.185275E+08  0.000000E+00  0.000000E+00  0.000000E+00  0.185281E+08
  0.248518E-02  0.184886E+08  0.184878E+08  0.000000E+00  0.000000E+00  0.000000E+00  0.184885E+08
  0.256941E-02  0.184474E+08  0.184466E+08  0.000000E+00  0.000000E+00  0.000000E+00  0.184473E+08
  0.265650E-02  0.184045E+08  0.184037E+08  0.000000E+00  0.000000E+00  0.000000E+00  0.184044E+08
  0.274655E-02  0.183600E+08  0.183591E+08  0.000000E+00  0.000000E+00  0.000000E+00  0.183599E+08
  0.283964E-02  0.183138E+08  0.183128E+08  0.000000E+00  0.000000E+00  0.000000E+00  0.183136E+08
  0.293589E-02  0.182657E+08  0.182647E+08  0.000000E+00  0.000000E+00  0.000000E+00  0.182655E+08
  0.303540E-02  0.182158E+08  0.182147E+08  0.000000E+00  0.000000E+00  0.000000E+00  0.182157E+08
  0.313829E-02  0.181641E+08  0.181629E+08  0.000000E+00  0.000000E+00  0.000000E+00  0.181639E+08
  0.324466E-02  0.181104E+08  0.181091E+08  0.000000E+00  0.000000E+00  0.000000E+00  0.181102E+08
  0.335464E-02  0.180547E+08  0.180533E+08  0.000000E+00  0.000000E+00  0.000000E+00  0.180544E+08
  0.346835E-02  0.179969E+08  0.179955E+08  0.000000E+00  0.000000E+00  0.000000E+00  0.179967E+08
  0.358591E-02  0.179371E+08  0.179356E+08  0.000000E+00  0.000000E+00  0.000000E+00  0.179369E+08
  0.370745E-02  0.178751E+08  0.178735E+08  0.000000E+00  0.000000E+00  0.000000E+00  0.178749E+08
  0.383312E-02  0.178109E+08  0.178092E+08  0.000000E+00  0.000000E+00  0.000000E+00  0.178107E+08
  0.396304E-02  0.177445E+08  0.177427E+08  0.000000E+00  0.000000E+00  0.000000E+00  0.177442E+08
  0.409737E-02  0.176758E+08  0.176738E+08  0.000000E+00  0.000000E+00  0.000000E+00  0.176755E+08
  0.423625E-02  0.176047E+08  0.176026E+08  0.000000E+00  0.000000E+00  0.000000E+00  0.176044E+08
  0.437983E-02  0.175312E+08  0.175290E+08  0.000000E+00  0.000000E+00  0.000000E+00  0.175308E+08
  0.452829E-02  0.174552E+08  0.174529E+08  0.000000E+00  0.000000E+00  0.000000E+00  0.174549E+08
  0.468178E-02  0.173768E+08  0.173743E+08  0.000000E+00  0.000000E+00  0.000000E+00  0.173764E+08
  0.484047E-02  0.172957E+08  0.172931E+08  0.000000E+00  0.000000E+00  0.000000E+00  0.172953E+08
  0.500453E-02  0.172121E+08  0.172092E+08  0.000000E+00  0.000000E+00  0.000000E+00  0.172116E+08
  0.517416E-02  0.171257E+08  0.171227E+08  0.000000E+00  0.000000E+00  0.000000E+00  0.171253E+08
  0.534954E-02  0.170367E+08  0.170335E+08  0.000000E+00  0.000000E+00  0.000000E+00  0.170362E+08
  0.553087E-02  0.169449E+08  0.169414E+08  0.000000E+00  0.000000E+00  0.000000E+00  0.169443E+08
  0.571834E-02  0.168502E+08  0.168465E+08  0.000000E+00  0.000000E+00  0.000000E+00  0.168496E+08
  0.591216E-02  0.167527E+08  0.167488E+08  0.000000E+00  0.000000E+00  0.000000E+00  0.167521E+08
  0.611255E-02  0.166522E+08  0.166481E+08  0.000000E+00  0.000000E+00  0.000000E+00  0.166516E+08
  0.631974E-02  0.165488E+08  0.165444E+08  0.000000E+00  0.000000E+00  0.000000E+00  0.165481E+08
  0.653395E-02  0.164423E+08  0.164376E+08  0.000000E+00  0.000000E+00  0.000000E+00  0.164416E+08
  0.675542E-02  0.163328E+08  0.163278E+08  0.000000E+00  0.000000E+00  0.000000E+00  0.163320E+08
  0.698439E-02  0.162201E+08  0.162148E+08  0.000000E+00  0.000000E+00  0.000000E+00  0.162193E+08
  0.722113E-02  0.161043E+08  0.160986E+08  0.000000E+00  0.000000E+00  0.000000E+00  0.161034E+08
  0.746589E-02  0.159852E+08  0.159792E+08  0.000000E+00  0.000000E+00  0.000000E+00  0.159842E+08
  0.771894E-02  0.158628E+08  0.158564E+08  0.000000E+00  0.000000E+00  0.000000E+00  0.158618E+08
  0.798058E-02  0.157372E+08  0.157304E+08  0.000000E+00  0.000000E+00  0.000000E+00  0.157361E+08
  0.825108E-02  0.156081E+08  0.156009E+08  0.000000E+00  0.000000E+00  0.000000E+00  0.156070E+08
  0.853075E-02  0.154757E+08  0.154680E+08  0.000000E+00  0.000000E+00  0.000000E+00  0.154744E+08
  0.881991E-02  0.153397E+08  0.153316E+08  0.000000E+00  0.000000E+00  0.000000E+00  0.153384E+08
  0.911886E-02  0.152003E+08  0.151917E+08  0.000000E+00  0.000000E+00  0.000000E+00  0.151989E+08
  0.942794E-02  0.150573E+08  0.150482E+08  0.000000E+00  0.000000E+00  0.000000E+00  0.150559E+08
  0.974750E-02  0.149107E+08  0.149010E+08  0.000000E+00  0.000000E+00  0.000000E+00  0.149092E+08
  0.100779E-01  0.147605E+08  0.147502E+08  0.000000E+00  0.000000E+00  0.000000E+00  0.147589E+08
  0.104195E-01  0.146066E+08  0.145957E+08  0.000000E+00  0.000000E+00  0.000000E+00  0.146049E+08
  0.107727E-01  0.144490E+08  0.144374E+08  0.000000E+00  0.000000E+00  0.000000E+00  0.144471E+08
  0.111378E-01  0.142876E+08  0.142753E+08  0.000000E+00  0.000000E+00  0.000000E+00  0.142856E+08
  0.115153E-01  0.141224E+08  0.141094E+08  0.000000E+00  0.000000E+00  0.000000E+00  0.141203E+08
  0.119056E-01  0.139534E+08  0.139397E+08  0.000000E+00  0.000000E+00  0.000000E+00  0.139512E+08
  0.123092E-01  0.137805E+08  0.137661E+08  0.000000E+00  0.000000E+00  0.000000E+00  0.137782E+08
  0.127264E-01  0.136038E+08  0.135885E+08  0.000000E+00  0.000000E+00  0.000000E+00  0.136014E+08
  0.131577E-01  0.134232E+08  0.134070E+08  0.000000E+00  0.000000E+00  0.000000E+00  0.134207E+08
  0.136037E-01  0.132387E+08  0.132216E+08  0.000000E+00  0.000000E+00  0.000000E+00  0.132360E+08
  0.140648E-01  0.130503E+08  0.130323E+08  0.000000E+00  0.000000E+00  0.000000E+00  0.130475E+08
  0.145416E-01  0.128580E+08  0.128390E+08  0.000000E+00  0.000000E+00  0.000000E+00  0.128550E+08
  0.150345E-01  0.126618E+08  0.126418E+08  0.000000E+00  0.000000E+00  0.000000E+00  0.126587E+08
  0.155441E-01  0.124618E+08  0.124408E+08  0.000000E+00  0.000000E+00  0.000000E+00  0.124585E+08
  0.160709E-01  0.122580E+08  0.122359E+08  0.000000E+00  0.000000E+00  0.000000E+00  0.122545E+08
  0.166156E-01  0.120504E+08  0.120272E+08  0.000000E+00  0.000000E+00  0.000000E+00  0.120468E+08
  0.171788E-01  0.118392E+08  0.118148E+08  0.000000E+00  0.000000E+00  0.000000E+00  0.118353E+08
  0.177611E-01  0.116244E+08  0.115988E+08  0.000000E+00  0.000000E+00  0.000000E+00  0.116203E+08
  0.183631E-01  0.114061E+08  0.113793E+08  0.000000E+00  0.000000E+00  0.000000E+00  0.114018E+08
  0.189855E-01  0.111844E+08  0.111564E+08  0.000000E+00  0.000000E+00  0.000000E+00  0.111800E+08
  0.196291E-01  0.109596E+08  0.109304E+08  0.000000E+00  0.000000E+00  0.000000E+00  0.109550E+08
  0.202944E-01  0.107318E+08  0.107013E+08  0.000000E+00  0.000000E+00  0.000000E+00  0.107270E+08
  0.209823E-01  0.105012E+08  0.104694E+08  0.000000E+00  0.000000E+00  0.000000E+00  0.104961E+08
  0.216935E-01  0.102680E+08  0.102349E+08  0.000000E+00  0.000000E+00  0.000000E+00  0.102627E+08
  0.224288E-01  0.100324E+08  0.999817E+07  0.000000E+00  0.000000E+00  0.000000E+00  0.100270E+08
  0.231890E-01  0.979488E+07  0.975937E+07  0.000000E+00  0.000000E+00  0.000000E+00  0.978927E+07
  0.239750E-01  0.955559E+07  0.951887E+07  0.000000E+00  0.000000E+00  0.000000E+00  0.954978E+07
  0.247876E-01  0.931490E+07  0.927702E+07  0.000000E+00  0.000000E+00  0.000000E+00  0.930892E+07
  0.256278E-01  0.907319E+07  0.903420E+07  0.000000E+00  0.000000E+00  0.000000E+00  0.906703E+07
  0.264965E-01  0.883085E+07  0.879081E+07  0.000000E+00  0.000000E+00  0.000000E+00  0.882452E+07
  0.273946E-01  0.858831E+07  0.854729E+07  0.000000E+00  0.000000E+00  0.000000E+00  0.858182E+07
  0.283231E-01  0.834601E+07  0.830412E+07  0.000000E+00  0.000000E+00  0.000000E+00  0.833939E+07
  0.292831E-01  0.810447E+07  0.806181E+07  0.000000E+00  0.000000E+00  0.000000E+00  0.809773E+07
  0.302757E-01  0.786421E+07  0.782092E+07  0.000000E+00  0.000000E+00  0.000000E+00  0.785737E+07
  0.313019E-01  0.762582E+07  0.758204E+07  0.000000E+00  0.000000E+00  0.000000E+00  0.761890E+07
  0.323628E-01  0.738993E+07  0.734582E+07  0.000000E+00  0.000000E+00  0.000000E+00  0.738296E+07
  0.334598E-01  0.719043E+07  0.714616E+07  0.000000E+00  0.000000E+00  0.000000E+00  0.718343E+07
  0.345939E-01  0.696239E+07  0.691816E+07  0.000000E+00  0.000000E+00  0.000000E+00  0.695540E+07
  0.357665E-01  0.673545E+07  0.669147E+07  0.000000E+00  0.000000E+00  0.000000E+00  0.672850E+07
  0.369788E-01  0.650508E+07  0.646150E+07  0.000000E+00  0.000000E+00  0.000000E+00  0.649819E+07
  0.382322E-01  0.628288E+07  0.623993E+07  0.000000E+00  0.000000E+00  0.000000E+00  0.627609E+07
  0.395281E-01  0.606969E+07  0.602761E+07  0.000000E+00  0.000000E+00  0.000000E+00  0.606304E+07
  0.408679E-01  0.586626E+07  0.582528E+07  0.000000E+00  0.000000E+00  0.000000E+00  0.585978E+07
  0.422531E-01  0.566566E+07  0.562604E+07  0.000000E+00  0.000000E+00  0.000000E+00  0.565940E+07
  0.436853E-01  0.548312E+07  0.544507E+07  0.000000E+00  0.000000E+00  0.000000E+00  0.547711E+07
  0.451660E-01  0.531142E+07  0.527516E+07  0.000000E+00  0.000000E+00  0.000000E+00  0.530569E+07
  0.466969E-01  0.515114E+07  0.511686E+07  0.000000E+00  0.000000E+00  0.000000E+00  0.514572E+07
  0.482797E-01  0.500097E+07  0.496884E+07  0.000000E+00  0.000000E+00  0.000000E+00  0.499589E+07
  0.499161E-01  0.485998E+07  0.483013E+07  0.000000E+00  0.000000E+00  0.000000E+00  0.485526E+07
  0.516081E-01  0.472705E+07  0.469956E+07  0.000000E+00  0.000000E+00  0.000000E+00  0.472271E+07
  0.533573E-01  0.460430E+07  0.457919E+07  0.000000E+00  0.000000E+00  0.000000E+00  0.460033E+07
  0.551659E-01  0.448409E+07  0.446135E+07  0.000000E+00  0.000000E+00  0.000000E+00  0.448050E+07
  0.570357E-01  0.436763E+07  0.434715E+07  0.000000E+00  0.000000E+00  0.000000E+00  0.436439E+07
  0.589690E-01  0.425327E+07  0.423491E+07  0.000000E+00  0.000000E+00  0.000000E+00  0.425037E+07
  0.609677E-01  0.413944E+07  0.412299E+07  0.000000E+00  0.000000E+00  0.000000E+00  0.413684E+07
  0.630342E-01  0.402255E+07  0.400773E+07  0.000000E+00  0.000000E+00  0.000000E+00  0.402021E+07
  0.651708E-01  0.390498E+07  0.389148E+07  0.000000E+00  0.000000E+00  0.000000E+00  0.390285E+07
  0.673798E-01  0.378408E+07  0.377154E+07  0.000000E+00  0.000000E+00  0.000000E+00  0.378209E+07
  0.696636E-01  0.365917E+07  0.364722E+07  0.000000E+00  0.000000E+00  0.000000E+00  0.365728E+07
  0.720249E-01  0.353103E+07  0.351930E+07  0.000000E+00  0.000000E+00  0.000000E+00  0.352917E+07
  0.744661E-01  0.339807E+07  0.338622E+07  0.000000E+00  0.000000E+00  0.000000E+00  0.339620E+07
  0.769902E-01  0.326177E+07  0.324950E+07  0.000000E+00  0.000000E+00  0.000000E+00  0.325983E+07
  0.795997E-01  0.312329E+07  0.311039E+07  0.000000E+00  0.000000E+00  0.000000E+00  0.312125E+07
  0.822978E-01  0.298427E+07  0.297061E+07  0.000000E+00  0.000000E+00  0.000000E+00  0.298211E+07
  0.850873E-01  0.284674E+07  0.283230E+07  0.000000E+00  0.000000E+00  0.000000E+00  0.284446E+07
  0.879713E-01  0.271299E+07  0.269788E+07  0.000000E+00  0.000000E+00  0.000000E+00  0.271060E+07
  0.909532E-01  0.258540E+07  0.256982E+07  0.000000E+00  0.000000E+00  0.000000E+00  0.258294E+07
  0.940360E-01  0.246617E+07  0.245042E+07  0.000000E+00  0.000000E+00  0.000000E+00  0.246368E+07
  0.972234E-01  0.235706E+07  0.234151E+07  0.000000E+00  0.000000E+00  0.000000E+00  0.235460E+07
  0.100519E+00  0.225910E+07  0.224414E+07  0.000000E+00  0.000000E+00  0.000000E+00  0.225674E+07
  0.103926E+00  0.217238E+07  0.215836E+07  0.000000E+00  0.000000E+00  0.000000E+00  0.217016E+07
  0.107448E+00  0.209590E+07  0.208314E+07  0.000000E+00  0.000000E+00  0.000000E+00  0.209388E+07
  0.111090E+00  0.202765E+07  0.201633E+07  0.000000E+00  0.000000E+00  0.000000E+00  0.202586E+07
  0.114856E+00  0.196486E+07  0.195501E+07  0.000000E+00  0.000000E+00  0.000000E+00  0.196330E+07
  0.118749E+00  0.190428E+07  0.189579E+07  0.000000E+00  0.000000E+00  0.000000E+00  0.190294E+07
  0.122774E+00  0.184278E+07  0.183539E+07  0.000000E+00  0.000000E+00  0.000000E+00  0.184161E+07
  0.126935E+00  0.177777E+07  0.177110E+07  0.000000E+00  0.000000E+00  0.000000E+00  0.177672E+07
  0.131238E+00  0.170770E+07  0.170135E+07  0.000000E+00  0.000000E+00  0.000000E+00  0.170670E+07
  0.135686E+00  0.163236E+07  0.162593E+07  0.000000E+00  0.000000E+00  0.000000E+00  0.163135E+07
  0.140285E+00  0.155302E+07  0.154623E+07  0.000000E+00  0.000000E+00  0.000000E+00  0.155195E+07
  0.145040E+00  0.147233E+07  0.146506E+07  0.000000E+00  0.000000E+00  0.000000E+00  0.147118E+07
  0.149956E+00  0.139389E+07  0.138622E+07  0.000000E+00  0.000000E+00  0.000000E+00  0.139268E+07
  0.155039E+00  0.132152E+07  0.131370E+07  0.000000E+00  0.000000E+00  0.000000E+00  0.132028E+07
  0.160294E+00  0.125819E+07  0.125055E+07  0.000000E+00  0.000000E+00  0.000000E+00  0.125698E+07
  0.165727E+00  0.120496E+07  0.119784E+07  0.000000E+00  0.000000E+00  0.000000E+00  0.120384E+07
  0.171345E+00  0.116036E+07  0.115401E+07  0.000000E+00  0.000000E+00  0.000000E+00  0.115935E+07
  0.177152E+00  0.112070E+07  0.111519E+07  0.000000E+00  0.000000E+00  0.000000E+00  0.111983E+07
  0.183157E+00  0.108143E+07  0.107663E+07  0.000000E+00  0.000000E+00  0.000000E+00  0.108067E+07
  0.189365E+00  0.103895E+07  0.103459E+07  0.000000E+00  0.000000E+00  0.000000E+00  0.103826E+07
  0.195784E+00  0.992015E+06  0.987779E+06  0.000000E+00  0.000000E+00  0.000000E+00  0.991345E+06
  0.202420E+00  0.941955E+06  0.937608E+06  0.000000E+00  0.000000E+00  0.000000E+00  0.941268E+06
  0.209281E+00  0.891818E+06  0.887288E+06  0.000000E+00  0.000000E+00  0.000000E+00  0.891102E+06
  0.216374E+00  0.844943E+06  0.840339E+06  0.000000E+00  0.000000E+00  0.000000E+00  0.844215E+06
  0.223709E+00  0.803695E+06  0.799235E+06  0.000000E+00  0.000000E+00  0.000000E+00  0.802990E+06
  0.231291E+00  0.768541E+06  0.764433E+06  0.000000E+00  0.000000E+00  0.000000E+00  0.767892E+06
  0.239131E+00  0.737743E+06  0.734077E+06  0.000000E+00  0.000000E+00  0.000000E+00  0.737164E+06
  0.247236E+00  0.708175E+06  0.704884E+06  0.000000E+00  0.000000E+00  0.000000E+00  0.707655E+06
  0.255616E+00  0.677107E+06  0.674019E+06  0.000000E+00  0.000000E+00  0.000000E+00  0.676619E+06
  0.264281E+00  0.643841E+06  0.640788E+06  0.000000E+00  0.000000E+00  0.000000E+00  0.643358E+06
  0.273238E+00  0.609991E+06  0.606916E+06  0.000000E+00  0.000000E+00  0.000000E+00  0.609505E+06
  0.282500E+00  0.578322E+06  0.575294E+06  0.000000E+00  0.000000E+00  0.000000E+00  0.577844E+06
  0.292075E+00  0.550775E+06  0.547917E+06  0.000000E+00  0.000000E+00  0.000000E+00  0.550323E+06
  0.301975E+00  0.526748E+06  0.524131E+06  0.000000E+00  0.000000E+00  0.000000E+00  0.526334E+06
  0.312210E+00  0.503602E+06  0.501192E+06  0.000000E+00  0.000000E+00  0.000000E+00  0.503221E+06
  0.322793E+00  0.479474E+06  0.477175E+06  0.000000E+00  0.000000E+00  0.000000E+00  0.479110E+06
  0.333734E+00  0.454958E+06  0.452705E+06  0.000000E+00  0.000000E+00  0.000000E+00  0.454602E+06
  0.345046E+00  0.431755E+06  0.429564E+06  0.000000E+00  0.000000E+00  0.000000E+00  0.431409E+06
  0.356741E+00  0.410829E+06  0.408756E+06  0.000000E+00  0.000000E+00  0.000000E+00  0.410501E+06
  0.368833E+00  0.391649E+06  0.389720E+06  0.000000E+00  0.000000E+00  0.000000E+00  0.391344E+06
  0.381335E+00  0.372910E+06  0.371093E+06  0.000000E+00  0.000000E+00  0.000000E+00  0.372623E+06
  0.394260E+00  0.354240E+06  0.352495E+06  0.000000E+00  0.000000E+00  0.000000E+00  0.353965E+06
  0.407624E+00  0.336271E+06  0.334590E+06  0.000000E+00  0.000000E+00  0.000000E+00  0.336005E+06
  0.421440E+00  0.319589E+06  0.317996E+06  0.000000E+00  0.000000E+00  0.000000E+00  0.319337E+06
  0.435725E+00  0.304021E+06  0.302521E+06  0.000000E+00  0.000000E+00  0.000000E+00  0.303784E+06
  0.450494E+00  0.288934E+06  0.287512E+06  0.000000E+00  0.000000E+00  0.000000E+00  0.288709E+06
  0.465764E+00  0.274324E+06  0.272964E+06  0.000000E+00  0.000000E+00  0.000000E+00  0.274109E+06
  0.481550E+00  0.260447E+06  0.259153E+06  0.000000E+00  0.000000E+00  0.000000E+00  0.260242E+06
  0.497873E+00  0.247451E+06  0.246227E+06  0.000000E+00  0.000000E+00  0.000000E+00  0.247257E+06
  0.514748E+00  0.234993E+06  0.233833E+06  0.000000E+00  0.000000E+00  0.000000E+00  0.234810E+06
  0.532196E+00  0.223029E+06  0.221925E+06  0.000000E+00  0.000000E+00  0.000000E+00  0.222855E+06
  0.550234E+00  0.211682E+06  0.210634E+06  0.000000E+00  0.000000E+00  0.000000E+00  0.211516E+06
  0.568885E+00  0.200929E+06  0.199936E+06  0.000000E+00  0.000000E+00  0.000000E+00  0.200772E+06
  0.588167E+00  0.190655E+06  0.189712E+06  0.000000E+00  0.000000E+00  0.000000E+00  0.190506E+06
  0.608103E+00  0.180862E+06  0.179967E+06  0.000000E+00  0.000000E+00  0.000000E+00  0.180721E+06
  0.628715E+00  0.171580E+06  0.170731E+06  0.000000E+00  0.000000E+00  0.000000E+00  0.171446E+06
  0.650025E+00  0.162741E+06  0.161936E+06  0.000000E+00  0.000000E+00  0.000000E+00  0.162613E+06
  0.672058E+00  0.154325E+06  0.153562E+06  0.000000E+00  0.000000E+00  0.000000E+00  0.154205E+06
  0.694837E+00  0.146339E+06  0.145615E+06  0.000000E+00  0.000000E+00  0.000000E+00  0.146224E+06
  0.718389E+00  0.138743E+06  0.138057E+06  0.000000E+00  0.000000E+00  0.000000E+00  0.138634E+06
  0.742739E+00  0.131518E+06  0.130868E+06  0.000000E+00  0.000000E+00  0.000000E+00  0.131415E+06
  0.767914E+00  0.124654E+06  0.124038E+06  0.000000E+00  0.000000E+00  0.000000E+00  0.124556E+06
  0.793942E+00  0.118132E+06  0.117548E+06  0.000000E+00  0.000000E+00  0.000000E+00  0.118040E+06
  0.820853E+00  0.111939E+06  0.111386E+06  0.000000E+00  0.000000E+00  0.000000E+00  0.111851E+06
  0.848676E+00  0.106057E+06  0.105532E+06  0.000000E+00  0.000000E+00  0.000000E+00  0.105974E+06
  0.877442E+00  0.100470E+06  0.999740E+05  0.000000E+00  0.000000E+00  0.000000E+00  0.100392E+06
  0.907183E+00  0.951674E+05  0.946971E+05  0.000000E+00  0.000000E+00  0.000000E+00  0.950930E+05
  0.937932E+00  0.901328E+05  0.896875E+05  0.000000E+00  0.000000E+00  0.000000E+00  0.900624E+05
  0.969723E+00  0.853542E+05  0.849325E+05  0.000000E+00  0.000000E+00  0.000000E+00  0.852876E+05
  0.100259E+01  0.808189E+05  0.804196E+05  0.000000E+00  0.000000E+00  0.000000E+00  0.807558E+05
